-1.178993150570628
-1.0401067342050623
-0.6762578347054611
-0.21195079598052324
0.19670284390252962
0.437198231059286
0.5212956252715348
0.435904338314166
0.3134982264955338
0.23652479455562248
0.22967591527113887
0.26201902827379275
0.2927814714065003
0.2979380098837642
0.2784760180581069
0.252595339254589
0.22565227068124571
0.2039408767268191
0.163996797791153
0.114345293767059
0.049150091566583495
-0.01992174199115672
-0.0840352166660531
-0.13434341886176435
-0.17884215450455476
-0.2177050407464684
-0.2533294392293152
-0.29803476734052026
-0.34920379334579776
-0.4085967603703613
-0.44303134392808496
-0.489886494935149
-0.4835766720078072
-0.47361912205412704
-0.12554831139179645
-0.1148741536930606
-0.1404685791492842
-0.05976359812589911
-0.05176055879955171
-0.02736703805790971
-0.028145243326355544
-0.03098822557621541
-0.056734119527703054
-0.08617245857248622
-0.14440640045742548
-0.21172944697771
-0.2782570866103849
-0.1766350578433156
-0.22255968459935402
-0.23452696171898044
-0.28312119103888017
-0.2885492138900519
-0.33728807054556503
-0.38767487554957886
-0.43037151213386005
-0.45952357248028974
-0.502067216728545
